             precision    recall  f1-score   support

          0       0.92      0.93      0.92       797
          1       0.90      0.89      0.89       729
          2       0.92      0.91      0.91       744
          3       0.95      0.94      0.94       770
          4       0.92      0.93      0.93       796
          5       0.92      0.94      0.93       740

avg / total       0.92      0.92      0.92      4576


             precision    recall  f1-score   support

          0       0.91      0.93      0.92       817
          1       0.87      0.87      0.87       719
          2       0.91      0.88      0.89       765
          3       0.96      0.94      0.95       797
          4       0.92      0.92      0.92       757
          5       0.91      0.94      0.93       721

avg / total       0.91      0.91      0.91      4576


             precision    recall  f1-score   support

          0       0.93      0.89      0.91       825
          1       0.89      0.88      0.88       712
          2       0.89      0.89      0.89       743
          3       0.91      0.93      0.92       805
          4       0.91      0.92      0.92       787
          5       0.92      0.94      0.93       704

avg / total       0.91      0.91      0.91      4576
