             precision    recall  f1-score   support

          0       0.91      0.92      0.91       955
          1       0.87      0.87      0.87       872
          2       0.91      0.89      0.90       963
          3       0.93      0.94      0.93       955
          4       0.92      0.92      0.92       984
          5       0.94      0.94      0.94       992

avg / total       0.91      0.91      0.91      5721


             precision    recall  f1-score   support

          0       0.92      0.94      0.93       975
          1       0.88      0.89      0.88       958
          2       0.93      0.89      0.91       958
          3       0.95      0.93      0.94       943
          4       0.93      0.93      0.93       971
          5       0.93      0.94      0.94       916

avg / total       0.92      0.92      0.92      5721


             precision    recall  f1-score   support

          0       0.92      0.92      0.92      1017
          1       0.88      0.88      0.88       900
          2       0.92      0.87      0.90       872
          3       0.93      0.93      0.93       985
          4       0.90      0.93      0.91       988
          5       0.93      0.94      0.94       959

avg / total       0.91      0.91      0.91      5721
