             precision    recall  f1-score   support

          0       0.50      0.50      0.50         2
          1       0.12      1.00      0.22         1
          2       0.00      0.00      0.00         1
          3       0.00      0.00      0.00         5
          5       0.00      0.00      0.00         1

avg / total       0.11      0.20      0.12        10


             precision    recall  f1-score   support

          0       1.00      0.50      0.67         2
          1       0.00      0.00      0.00         2
          2       0.00      0.00      0.00         1
          3       0.33      1.00      0.50         1
          4       0.67      1.00      0.80         2
          5       0.67      1.00      0.80         2

avg / total       0.50      0.60      0.50        10


             precision    recall  f1-score   support

          0       0.00      0.00      0.00         0
          1       0.00      0.00      0.00         1
          2       0.00      0.00      0.00         1
          3       0.00      0.00      0.00         1
          4       0.40      0.67      0.50         3
          5       0.33      0.25      0.29         4

avg / total       0.25      0.30      0.26        10
